55.726642 37.564697 8.00 8.20
55.726642 37.564697 8.00 8.10
55.726646 37.564701 7.90 8.10
55.726646 37.564701 7.90 8.20
55.726646 37.564701 7.90 8.30
55.726646 37.564701 7.90 8.20
55.726646 37.564701 7.90 8.30
55.726795 37.564506 7.90 8.20
55.726795 37.564506 7.90 8.10
55.726837 37.564453 7.90 8.30
55.726837 37.564453 8.00 8.40
55.726837 37.564453 8.00 8.30
55.726837 37.564453 8.00 8.20
55.726837 37.564453 8.00 8.30
55.726837 37.564453 7.90 8.20
55.726837 37.564453 7.80 8.10
55.726837 37.564453 7.60 8.20
55.726837 37.564453 7.60 8.60
55.726837 37.564453 7.60 8.50
55.726837 37.564453 7.90 8.70
55.726837 37.564453 8.10 8.60
55.726837 37.564453 8.30 8.70
55.726837 37.564453 8.30 8.60
55.726837 37.564453 8.30 8.60
55.726837 37.564453 8.30 8.50
55.726837 37.564453 8.30 8.40
55.726837 37.564453 8.20 8.40
55.726837 37.564453 8.10 8.40
55.726837 37.564453 8.10 8.40
55.726837 37.564453 8.10 8.30
55.726837 37.564453 7.90 8.40
55.726837 37.564453 7.80 8.30
55.726837 37.564453 7.70 8.20
55.726837 37.564453 7.40 8.20
55.726837 37.564453 7.40 8.30
55.726837 37.564453 7.40 8.30
55.726837 37.564453 7.40 8.40
55.726837 37.564453 7.40 8.40
55.726837 37.564453 7.40 8.40
55.726837 37.564453 7.40 8.30
55.726837 37.564453 7.50 8.30
55.726837 37.564453 7.80 8.70
55.726837 37.564453 8.00 8.60
55.726837 37.564453 8.10 8.50
55.726837 37.564453 8.30 8.60
55.726837 37.564453 8.30 8.50
55.726551 37.564846 8.90 8.80
55.726551 37.564846 9.20 8.90
55.726612 37.564846 9.40 8.90
55.726612 37.564846 9.50 8.80
55.726612 37.564945 9.50 8.70
55.726612 37.564945 9.50 8.70
55.726615 37.564865 9.50 8.70
55.726615 37.564865 9.50 8.70
55.726615 37.564865 9.90 9.00
55.726615 37.564865 10.00 9.00
55.726615 37.564865 10.00 9.00
55.726615 37.564865 10.20 9.00
55.726615 37.564865 10.20 9.00
55.726615 37.564865 10.30 9.00
55.726615 37.564865 10.60 9.10
55.726615 37.564865 10.60 9.00
55.726615 37.564865 10.50 9.00
55.726615 37.564865 10.30 9.10
55.726615 37.564865 10.30 9.00
55.726615 37.564865 10.20 9.10
55.726615 37.564865 10.00 9.10
55.726615 37.564865 9.90 9.00
55.726615 37.564865 9.70 8.90
55.726757 37.564453 9.70 9.00
55.726757 37.564453 9.50 8.90
55.726802 37.564514 9.40 8.90
55.726802 37.564514 9.40 8.90
55.726833 37.564579 9.60 8.90
55.726833 37.564579 9.60 8.90
55.726833 37.564579 9.70 8.90
55.726833 37.564579 10.30 9.10
55.726833 37.564579 10.80 9.20
55.726833 37.564579 11.00 9.20
55.727165 37.564746 11.30 9.20
55.727165 37.564746 11.30 9.30
55.727165 37.564746 11.80 9.60
55.727165 37.564746 11.80 9.60
55.727165 37.564746 11.90 9.60
55.727165 37.564746 11.90 9.60
55.727165 37.564746 11.90 9.60
55.727165 37.564746 12.30 9.70
55.727165 37.564746 12.60 9.70
55.727165 37.564746 12.70 9.70
55.727165 37.564746 12.70 9.60
55.727714 37.564228 12.40 9.70
55.727714 37.564228 12.70 9.90
55.727569 37.564144 13.10 9.90
55.727569 37.564144 13.20 9.90
55.727569 37.564144 13.20 9.90
55.727569 37.564144 13.30 9.90
55.727569 37.564144 13.50 9.90
55.727569 37.564144 13.50 9.90
55.727569 37.564144 13.50 9.80
55.727569 37.564144 13.30 9.90
55.727569 37.564144 13.00 9.80
55.727569 37.564144 13.30 9.80
55.727569 37.564144 13.50 9.90
55.727569 37.564144 13.80 9.90
55.727569 37.564144 13.80 9.80
55.727569 37.564144 14.00 9.80
55.727569 37.564144 14.30 9.90
55.727569 37.564144 14.40 9.80
55.727569 37.564144 14.40 9.90
55.727569 37.564144 14.10 9.90
55.727569 37.564144 13.80 10.10
55.727569 37.564144 14.00 10.10
55.727569 37.564144 14.10 10.10
55.727569 37.564144 14.10 10.00
55.727569 37.564144 14.00 10.00
55.727569 37.564144 13.40 10.00
55.727569 37.564144 13.40 10.10
55.727569 37.564144 13.20 10.10
55.727569 37.564144 13.00 10.10
55.727569 37.564144 12.90 10.10
55.726917 37.563663 12.90 10.20
55.726917 37.563663 12.80 10.10
55.726917 37.563694 12.60 10.10
55.726917 37.563694 12.40 10.10
55.726917 37.563694 12.40 10.10