56.548542 37.644451 8.7 8.7
56.549217999999996 37.644864 8.6983 8.6983
56.550073 37.644771 8.6714 8.6714
56.549315 37.644999999999996 8.5851 8.5851
56.549107 37.645115 8.5937 8.5937
56.549272 37.646034 8.612400000000001 8.612400000000001
56.549704000000006 37.646223 8.682200000000002 8.682200000000002
56.550371000000005 37.645247 8.741800000000001 8.741800000000001
56.54957900000001 37.644946999999995 8.675200000000002 8.675200000000002
56.55045600000001 37.644279 8.685700000000002 8.685700000000002
56.550252000000015 37.643722999999994 8.710500000000003 8.710500000000003
56.55085800000001 37.644642 8.647000000000004 8.647000000000004
56.55140400000001 37.644020999999995 8.548200000000003 8.548200000000003
56.551409000000014 37.644862999999994 8.578600000000003 8.578600000000003
56.55117400000001 37.645230999999995 8.486400000000003 8.486400000000003
56.55068700000001 37.64516999999999 8.550500000000003 8.550500000000003
56.55145600000001 37.644327999999994 8.637000000000002 8.637000000000002
56.55055900000001 37.645225999999994 8.735500000000002 8.735500000000002
56.551032000000006 37.644794999999995 8.712000000000002 8.712000000000002
56.55191800000001 37.645067999999995 8.667500000000002 8.667500000000002
56.552572000000005 37.645441 8.629700000000001 8.629700000000001
56.55220200000001 37.645495 8.548600000000002 8.548600000000002
56.55290800000001 37.645371 8.560000000000002 8.560000000000002
56.55240900000001 37.644600999999994 8.559200000000002 8.559200000000002
56.55195900000001 37.643663 8.489900000000002 8.489900000000002
56.55233400000001 37.643269999999994 8.522800000000002 8.522800000000002
56.55204200000001 37.64391499999999 8.454500000000001 8.454500000000001
56.55285200000001 37.64348699999999 8.545800000000002 8.545800000000002
56.55274100000001 37.643564999999995 8.4745 8.4745
56.55248200000001 37.64298899999999 8.462200000000001 8.462200000000001
56.55280400000001 37.64372899999999 8.428600000000001 8.428600000000001
56.55218500000001 37.64414399999999 8.518400000000002 8.518400000000002
56.55307600000001 37.64469899999999 8.453600000000002 8.453600000000002
56.55311500000001 37.64454199999999 8.457600000000001 8.457600000000001
56.55267400000001 37.644466999999985 8.371900000000002 8.371900000000002
56.55227200000001 37.645448999999985 8.468200000000001 8.468200000000001
56.55266900000001 37.64514099999999 8.398700000000002 8.398700000000002
56.55173700000001 37.64483199999999 8.415600000000001 8.415600000000001
56.55213000000001 37.64545399999999 8.475600000000002 8.475600000000002
56.552658000000015 37.645471999999984 8.526100000000001 8.526100000000001
56.55185800000002 37.64501999999998 8.564900000000002 8.564900000000002
56.55269600000002 37.64454799999998 8.483200000000002 8.483200000000002
56.55336500000002 37.64468799999998 8.418200000000002 8.418200000000002
56.55411500000002 37.64445799999998 8.443400000000002 8.443400000000002
56.55383600000002 37.64495299999998 8.525600000000003 8.525600000000003
56.55342700000002 37.64527099999998 8.590800000000003 8.590800000000003
56.55255400000002 37.64433899999998 8.501600000000003 8.501600000000003
56.55338800000002 37.64476599999998 8.560700000000004 8.560700000000004
56.55323000000002 37.64542799999998 8.624400000000005 8.624400000000005
56.553119000000024 37.64492699999998 8.600000000000005 8.600000000000005
56.55334000000003 37.644058999999984 8.690900000000005 8.690900000000005
56.552587000000024 37.643264999999985 8.624100000000004 8.624100000000004
56.552083000000025 37.643695999999984 8.628800000000004 8.628800000000004
56.55153500000002 37.643743999999984 8.714500000000003 8.714500000000003
56.55221300000002 37.64432999999998 8.685500000000003 8.685500000000003
56.55268600000002 37.64409499999998 8.641000000000004 8.641000000000004
56.55298500000002 37.64404799999998 8.667200000000003 8.667200000000003
56.55290800000002 37.643865999999974 8.673000000000004 8.673000000000004
56.55379300000002 37.64382199999997 8.658500000000004 8.658500000000004
56.55464100000002 37.64461499999997 8.739700000000004 8.739700000000004
56.55563400000002 37.64390899999997 8.815600000000005 8.815600000000005
56.55483000000002 37.64465899999997 8.866000000000005 8.866000000000005
56.555470000000014 37.64532799999997 8.924400000000006 8.924400000000006
56.554516000000014 37.64461499999997 8.860300000000006 8.860300000000006
56.555379000000016 37.64391699999997 8.799900000000006 8.799900000000006
56.55607900000002 37.64448599999997 8.821600000000005 8.821600000000005
56.556387000000015 37.645050999999974 8.760900000000005 8.760900000000005
56.55717100000002 37.64471099999997 8.667300000000004 8.667300000000004
56.557828000000015 37.64551299999997 8.625000000000005 8.625000000000005
56.557192000000015 37.64637199999997 8.714600000000006 8.714600000000006
56.556792000000016 37.64648799999997 8.766900000000007 8.766900000000007
56.557018000000014 37.64737899999997 8.827200000000007 8.827200000000007
56.556246000000016 37.64805499999997 8.776200000000006 8.776200000000006
56.556415000000015 37.64710199999997 8.824700000000007 8.824700000000007
56.55561400000001 37.647690999999966 8.751600000000007 8.751600000000007
56.55599100000001 37.647246999999965 8.752500000000007 8.752500000000007
56.55605300000001 37.647454999999965 8.811400000000006 8.811400000000006
56.555602000000015 37.648031999999965 8.819800000000006 8.819800000000006
56.556311000000015 37.64841299999996 8.739800000000006 8.739800000000006
56.556561000000016 37.64778899999996 8.827400000000006 8.827400000000006
56.556446000000015 37.64861899999996 8.822200000000006 8.822200000000006
56.55606200000002 37.64833299999996 8.872000000000005 8.872000000000005
56.556094000000016 37.649242999999956 8.918300000000006 8.918300000000006
56.55619200000002 37.649875999999956 8.914800000000005 8.914800000000005
56.555486000000016 37.650427999999955 9.001500000000005 9.001500000000005
56.554735000000015 37.65071399999996 9.063200000000005 9.063200000000005
56.55468000000001 37.65069399999996 8.977000000000006 8.977000000000006
56.55396300000001 37.65167699999996 9.025800000000006 9.025800000000006
56.55451800000001 37.65232699999996 9.110900000000006 9.110900000000006
56.554871000000006 37.651787999999954 9.089700000000006 9.089700000000006
56.55397200000001 37.65260199999995 9.169700000000006 9.169700000000006
56.55329300000001 37.65171799999995 9.149200000000006 9.149200000000006
56.55244100000001 37.651995999999954 9.209900000000006 9.209900000000006
56.55331600000001 37.65143099999995 9.176600000000006 9.176600000000006
56.55271200000001 37.651865999999956 9.091400000000005 9.091400000000005
56.55240800000001 37.651072999999954 9.033100000000006 9.033100000000006
56.55201000000001 37.651361999999956 9.096600000000006 9.096600000000006
56.55194300000001 37.65074799999996 9.088700000000006 9.088700000000006
56.55098600000001 37.65125199999996 9.171800000000006 9.171800000000006
56.55057000000001 37.65049399999996 9.259100000000007 9.259100000000007
56.550768000000005 37.650922999999956 9.240100000000007 9.240100000000007