55.776542 37.504451 8.70 10.20
55.776542 37.504451 8.70 10.10
55.776489 37.504352 8.70 10.10
55.776489 37.504352 8.40 10.00
55.776596 37.504493 8.40 9.90
55.776596 37.504493 8.40 9.90
55.776584 37.504539 8.40 9.90
55.776584 37.504539 8.40 9.90
55.776561 37.504539 8.20 9.80
55.776561 37.504539 8.20 9.80
55.776542 37.504573 8.20 9.80
55.776542 37.504573 8.40 9.90
55.776550 37.504570 8.70 9.90
55.776550 37.504570 9.00 10.00
55.776535 37.504581 9.00 9.90
55.776535 37.504581 9.20 10.00
55.776515 37.504592 9.40 10.00
55.776515 37.504592 9.40 9.90
55.776512 37.504592 9.90 10.10
55.776512 37.504592 10.00 10.00
55.776515 37.504585 10.00 10.00
55.776515 37.504585 10.00 10.00
55.776504 37.504470 9.80 9.80
55.776504 37.504470 9.70 9.80
55.776508 37.504322 9.40 9.80
55.776508 37.504322 9.40 9.90
55.776393 37.503879 9.40 9.80
55.776393 37.503879 9.50 9.70
55.776176 37.503307 9.50 9.80
55.776176 37.503307 9.50 9.80
55.775852 37.502666 9.50 9.80
55.775852 37.502666 9.40 9.90
55.775516 37.501991 9.60 9.90
55.775516 37.501991 9.80 10.20
55.775184 37.501251 10.30 10.10
55.775184 37.501251 10.40 10.10
55.774795 37.500354 10.40 9.90
55.774795 37.500354 10.40 9.90
55.774364 37.499366 10.40 9.90
55.774364 37.499366 10.60 10.00
55.773876 37.498222 11.00 9.80
55.773876 37.498222 11.20 9.70
55.773376 37.497032 11.50 9.80
55.773376 37.497032 11.60 9.80
55.772918 37.495914 11.60 9.70
55.772918 37.495914 11.50 9.70
55.772552 37.494903 11.40 9.80
55.772552 37.494903 11.20 9.60
55.772514 37.493930 11.10 9.60
55.772514 37.493930 10.80 9.60
55.772644 37.492736 10.70 9.60
55.772644 37.492736 10.50 9.60
55.772819 37.491443 10.20 9.80
55.772819 37.491443 10.20 9.90
55.773017 37.490062 10.20 9.90
55.773017 37.490062 10.30 9.80
55.773231 37.488609 10.20 9.90
55.773231 37.488609 10.30 10.00
55.773448 37.487178 10.30 9.80
55.773448 37.487178 10.30 9.80
55.773677 37.485713 10.40 9.80
55.773677 37.485713 10.80 9.70
55.773910 37.484207 10.80 9.70
55.773910 37.484207 10.80 9.80
55.774150 37.482677 10.90 9.80
55.774150 37.482677 10.90 9.80
55.774394 37.481121 10.90 9.70
55.774394 37.481121 10.90 9.60
55.774654 37.479549 10.80 9.60
55.774654 37.479549 10.60 9.60
55.774997 37.478111 10.60 9.80
55.774997 37.478111 10.60 9.80
55.775321 37.476772 10.50 9.80
55.775321 37.476772 10.20 9.80
55.775615 37.475482 9.80 9.90
55.775615 37.475482 9.60 9.90
55.775863 37.474304 9.50 9.90
55.775863 37.474304 9.30 9.90
55.776069 37.473152 9.20 9.90
55.776069 37.473152 9.20 9.90
55.776287 37.471900 9.20 9.90
55.776287 37.471900 9.00 9.60
55.776504 37.470588 8.80 9.60
55.776504 37.470588 8.60 9.60
55.776741 37.469215 8.40 9.50
55.776741 37.469215 8.10 9.50
55.776969 37.467842 8.00 9.50
55.776969 37.467842 7.80 9.30
55.777179 37.466548 7.60 9.30
55.777179 37.466548 7.40 9.30
55.777366 37.465396 7.10 9.30
55.777366 37.465396 7.00 9.30
55.777549 37.464202 6.80 9.30
55.777549 37.464202 6.60 9.30
55.777744 37.462966 6.60 9.40
55.777744 37.462966 6.60 9.40
55.777938 37.461730 6.70 9.50
55.777938 37.461730 6.80 9.50
55.778148 37.460483 6.80 9.40
55.778148 37.460483 6.90 9.40
55.778362 37.459156 7.00 9.40
55.778362 37.459156 7.10 9.30
55.778579 37.457786 7.10 9.40
55.778579 37.457786 6.90 9.50
55.778808 37.456420 6.90 9.70
55.778808 37.456420 7.00 9.60
55.779041 37.455211 6.90 9.60
55.779041 37.455211 6.90 9.70
55.779243 37.454650 6.90 9.80
55.779243 37.454650 6.90 9.80
55.779628 37.454769 6.90 9.70
55.779628 37.454769 7.10 10.00
55.780189 37.455047 7.50 10.00
55.780189 37.455047 7.60 10.00
55.780754 37.455249 7.60 9.80
55.780754 37.455249 7.60 9.80
55.781383 37.455623 7.60 9.80
55.781383 37.455623 7.60 9.80
55.782016 37.455940 7.70 9.70
55.782016 37.455940 7.70 9.60
55.782630 37.456249 7.70 9.60
55.782630 37.456249 7.70 9.70
55.783031 37.456459 7.70 9.70
55.783031 37.456459 7.70 9.70
55.783149 37.456531 7.70 9.70
55.783149 37.456531 7.70 9.60
55.783157 37.456542 7.70 9.50
55.783157 37.456542 7.80 9.60
55.783161 37.456550 7.90 9.60
55.783161 37.456550 8.60 9.60
55.783329 37.456638 9.60 9.70
55.783329 37.456638 9.80 9.60
55.783618 37.457069 10.00 9.60
55.783618 37.457069 10.00 9.60
55.783878 37.457836 10.00 9.30
55.783878 37.457836 9.80 9.30
55.784160 37.458713 9.60 9.30
55.784160 37.458713 9.60 9.20
55.784450 37.459632 9.60 9.10
55.784450 37.459632 9.80 9.30
55.784740 37.460586 9.80 9.30
55.784740 37.460586 9.80 9.30
55.784988 37.461452 9.90 9.30
55.784988 37.461452 9.90 9.30
55.785274 37.462322 9.90 9.30
55.785274 37.462322 9.90 9.30
55.785465 37.462997 9.90 9.50
55.785465 37.462997 10.00 9.40
55.785518 37.463314 10.10 9.50
55.785518 37.463314 10.10 9.50
55.785522 37.463329 10.00 9.30
55.785522 37.463329 9.90 9.30
55.785533 37.463329 9.50 9.30
55.785533 37.463329 9.40 9.30
55.785545 37.463329 9.00 9.40
55.785545 37.463329 8.90 9.40
55.785541 37.463321 8.70 9.40
55.785541 37.463321 8.70 9.30
55.785537 37.463325 8.70 9.30
55.785537 37.463325 8.70 9.30
55.785537 37.463336 8.60 9.20
55.785537 37.463336 8.50 9.30
55.785537 37.463508 8.70 9.30
55.785537 37.463508 8.70 9.30
55.785537 37.463508 8.70 9.30
55.785713 37.464141 8.70 9.30
55.785713 37.464141 8.70 9.40
55.786121 37.464340 8.70 9.40
55.786121 37.464340 8.90 9.50
55.786560 37.464565 9.00 9.60
55.786560 37.464565 9.20 9.60
55.787017 37.464797 9.20 9.50
55.787017 37.464797 9.20 9.50
55.787349 37.464996 9.20 9.60
55.787349 37.464996 9.20 9.60
55.787521 37.465095 9.50 9.60
55.787521 37.465095 9.80 9.80
55.787738 37.465213 10.00 9.70
55.787738 37.465213 10.00 9.60
55.787956 37.465335 10.10 9.70
55.787956 37.465335 10.10 9.70
55.788360 37.465534 10.30 9.60
55.788360 37.465534 10.40 9.60
55.788791 37.465675 10.40 9.60
55.788791 37.465675 10.40 9.60
55.789169 37.465808 10.20 9.60
55.789169 37.465808 9.90 9.60
55.789505 37.465999 9.80 9.60
55.789505 37.465999 9.60 9.60
55.789810 37.466182 9.40 9.60
55.789810 37.466182 9.30 9.60
55.789909 37.466255 9.00 9.60
55.789909 37.466255 9.00 9.40
55.790100 37.466388 9.00 9.40
55.790100 37.466388 9.00 9.30
55.790351 37.466148 8.90 9.30
55.790351 37.466148 8.80 9.30
55.790561 37.465541 8.70 9.30
55.790561 37.465541 8.60 9.10
55.790836 37.465389 8.60 9.30
55.790836 37.465389 8.60 9.30
55.791301 37.465396 8.60 9.40
55.791301 37.465396 8.90 9.50
55.791828 37.465412 9.00 9.50
55.791828 37.465412 9.00 9.60
55.792354 37.465431 9.00 9.60
55.792354 37.465431 9.50 9.70
55.792930 37.465442 9.80 9.80
55.792930 37.465442 9.80 9.80
55.793453 37.465446 9.80 9.70
55.793453 37.465446 9.80 9.60
55.793739 37.465648 9.70 9.60
55.793739 37.465648 9.50 9.40
55.793739 37.465648 9.60 9.60
55.794181 37.466014 9.80 9.80
55.794181 37.466014 9.90 9.70
55.794689 37.466003 9.90 9.80
55.794689 37.466003 10.30 9.80
55.795253 37.465991 10.40 9.80
55.795253 37.465991 10.40 9.70
55.795654 37.466003 10.40 9.70
55.795654 37.466003 10.40 9.70
55.796035 37.466014 10.50 9.90
55.796035 37.466014 10.60 9.90
55.796588 37.466003 10.60 9.90
55.796588 37.466003 10.60 9.80
55.797210 37.465991 10.80 9.80
55.797210 37.465991 11.70 9.90
55.797657 37.466175 12.10 9.90
55.797657 37.466175 12.50 9.80
55.797996 37.466819 12.80 10.00
55.797996 37.466819 12.90 9.90
55.798381 37.467563 12.80 9.70
55.798381 37.467563 12.80 9.60
55.798801 37.468372 12.50 9.60
55.798801 37.468372 12.30 9.70
55.799232 37.469188 12.40 9.70
55.799232 37.469188 12.70 9.80
55.799644 37.469963 12.70 9.80
55.799644 37.469963 12.60 9.80
55.799957 37.470573 12.40 9.80
55.799957 37.470573 12.30 9.80
55.800270 37.471103 12.20 9.60
55.800270 37.471103 12.10 9.60
55.800693 37.471370 12.10 9.80
55.800693 37.471370 12.20 9.80
55.800960 37.471977 12.20 10.00
55.800960 37.471977 12.50 10.10
55.801200 37.472873 12.50 10.20
55.801200 37.472873 12.50 10.10
55.801460 37.473838 12.20 10.10
55.801460 37.473838 12.00 10.20
55.801708 37.474765 12.80 10.30
55.801708 37.474765 13.80 10.40
55.801879 37.475643 14.10 10.40
55.801879 37.475643 14.10 10.40
55.801910 37.476619 14.10 10.10
55.801910 37.476619 14.10 10.20
55.801822 37.477363 14.20 10.20
55.801822 37.477363 14.10 10.20
55.801448 37.478080 13.90 10.20
55.801448 37.478080 13.80 10.20
55.801006 37.478931 14.00 10.20
55.801006 37.478931 14.00 10.20
55.800518 37.479858 13.90 10.20
55.800518 37.479858 13.80 10.20
55.800010 37.480796 13.60 10.20
55.800010 37.480796 13.30 10.20
55.799518 37.481719 13.10 10.20
55.799518 37.481719 13.00 10.20
55.799140 37.482406 12.60 10.00
55.799140 37.482406 12.40 10.00
55.798957 37.482704 11.90 10.20
55.798957 37.482704 11.90 10.20
55.798942 37.482734 11.80 10.10
55.798942 37.482734 11.60 10.10
55.798957 37.482742 11.40 10.10
55.798957 37.482742 11.30 10.10
55.798988 37.482765 11.10 10.00
55.798988 37.482765 10.90 10.00
55.799022 37.482799 10.80 10.20
55.799022 37.482799 10.80 10.20
55.798957 37.482978 10.80 10.30
55.798957 37.482978 10.80 10.30
55.798648 37.483127 10.60 10.30
55.798648 37.483127 10.50 10.30
55.798221 37.483169 10.00 10.40
55.798221 37.483169 9.90 10.40
55.797740 37.483142 9.40 10.40
55.797740 37.483142 9.10 10.60
55.797218 37.483158 9.10 10.60
55.797218 37.483158 9.10 10.60
55.796669 37.483184 8.90 10.60
55.796669 37.483184 9.00 10.60
55.796146 37.483211 9.00 10.60
55.796146 37.483211 9.00 10.60
55.795799 37.483184 8.90 10.60
55.795799 37.483184 8.70 10.60
55.795673 37.483169 8.40 10.60
55.795673 37.483169 8.10 10.60
55.795501 37.483200 8.00 10.90
55.795501 37.483200 8.30 11.00
55.795215 37.483207 8.70 11.00
55.795215 37.483207 8.90 10.90
55.794826 37.483192 8.90 10.80
55.794826 37.483192 9.10 10.90
55.794502 37.483242 9.10 10.80
55.794502 37.483242 9.20 10.70
55.794296 37.483242 9.50 10.80
55.794296 37.483242 9.50 10.70
55.794052 37.483230 9.70 10.60
55.794052 37.483230 9.70 10.50
55.794052 37.483230 9.60 10.60
55.793613 37.483230 9.60 10.50
55.793613 37.483230 9.90 10.70
55.793182 37.483272 10.30 10.70
55.793182 37.483272 10.70 10.80
55.792831 37.483299 10.90 10.80
55.792831 37.483299 11.00 10.70
55.792591 37.483329 11.00 10.70
55.792591 37.483329 11.00 10.70
55.792381 37.483413 11.40 10.70
55.792381 37.483413 11.50 10.70
55.792049 37.483276 11.50 10.70
55.792049 37.483276 11.40 10.70
55.791797 37.482990 11.20 10.60
55.791797 37.482990 11.10 10.60
55.791671 37.482727 10.90 10.60
55.791671 37.482727 10.90 10.60
55.791419 37.482368 10.90 10.50
55.791419 37.482368 10.80 10.40
55.791252 37.482151 10.50 10.40
55.791252 37.482151 9.90 10.50
55.790977 37.481735 9.80 10.60
55.790977 37.481735 9.80 10.70
55.790653 37.481189 9.80 10.70
55.790653 37.481189 9.80 10.70
55.790699 37.480766 9.90 10.70
55.790699 37.480766 10.10 10.80
55.790897 37.480350 10.20 10.90
55.790897 37.480350 10.00 10.90
55.791000 37.480133 9.90 10.90
55.791000 37.480133 9.80 10.90
55.791049 37.480041 9.70 10.90
55.791049 37.480041 9.50 10.70
55.791061 37.480014 9.40 10.80
55.791061 37.480014 9.50 10.60
55.791065 37.479991 9.50 10.60
55.791065 37.479991 9.60 10.60
55.791107 37.479896 9.60 10.70
55.791107 37.479896 9.60 10.70
55.791191 37.479713 9.60 10.70
55.791191 37.479713 9.60 10.70
55.791191 37.479713 9.60 10.70
55.791343 37.479343 9.50 10.60
55.791343 37.479343 9.30 10.60
55.791362 37.479103 9.10 10.60
55.791362 37.479103 9.10 10.60
55.791362 37.478656 9.00 10.60
55.791362 37.478656 8.80 10.60
55.791404 37.478157 8.80 10.70
55.791404 37.478157 8.70 10.60
55.791477 37.477729 8.60 10.50
55.791477 37.477729 8.40 10.50
55.791461 37.477313 8.20 10.60
55.791461 37.477313 8.00 10.60
55.791488 37.477104 8.00 10.60
55.791488 37.477104 8.10 10.60
55.791519 37.476966 8.30 10.60
55.791519 37.476966 8.70 10.60
55.791500 37.476684 9.10 10.60
55.791500 37.476684 10.00 10.90
55.791519 37.476192 10.20 10.90
55.791519 37.476192 10.30 10.90
55.791606 37.475841 10.50 10.90
55.791606 37.475841 10.50 10.80
55.791610 37.475498 10.40 10.60
55.791610 37.475498 10.20 10.60
55.791584 37.475025 10.10 10.60
55.791584 37.475025 9.70 10.50
55.791591 37.474628 9.30 10.60
55.791591 37.474628 9.30 10.50
55.791370 37.474426 9.10 10.60
55.791370 37.474426 9.10 10.50
55.791110 37.474315 9.00 10.50
55.791110 37.474315 8.90 10.50
55.790904 37.474277 8.80 10.50
55.790904 37.474277 8.80 10.50
55.790779 37.474349 8.80 10.60
55.790779 37.474349 8.80 10.60
55.790641 37.474395 8.80 10.50
55.790641 37.474395 8.80 10.50
55.790489 37.474437 8.80 10.60
55.790489 37.474437 8.80 10.70
55.790279 37.474342 8.80 10.80
55.790279 37.474342 8.90 10.90
55.790084 37.474254 9.20 10.90
55.790084 37.474254 9.30 10.90
55.789958 37.474308 10.10 11.00
55.789958 37.474308 10.60 11.10
55.789909 37.474506 10.90 11.00
55.789909 37.474506 11.10 11.00
55.789909 37.474658 11.10 10.90
55.789909 37.474658 11.10 10.90
55.789875 37.474605 10.80 10.90
55.789875 37.474605 10.80 10.90
55.789844 37.474559 10.50 10.60
55.789844 37.474559 10.40 10.60
55.789913 37.474437 10.20 10.60
55.789913 37.474437 10.20 10.70
55.790050 37.474239 10.00 10.60
55.790050 37.474239 9.90 10.60
55.790206 37.474166 9.50 10.60
55.790206 37.474166 9.00 10.40
55.790290 37.474208 8.80 10.40
55.790290 37.474208 8.80 10.40
55.790348 37.474246 8.60 10.20
55.790348 37.474246 8.50 10.10
55.790515 37.474201 8.30 10.10
55.790515 37.474201 8.10 10.00
55.790695 37.474117 8.00 10.20
55.790695 37.474117 8.00 10.20
55.790824 37.474014 8.10 10.20
55.790824 37.474014 8.20 10.20
55.790927 37.473838 8.20 10.20
55.790927 37.473838 8.30 10.20
55.791160 37.473865 8.30 10.00
55.791160 37.473865 8.30 10.00
55.791267 37.474094 8.30 10.00
55.791267 37.474094 8.30 10.00
55.791233 37.474567 8.30 10.00
55.791233 37.474567 8.30 10.00
55.791168 37.475051 8.60 10.20
55.791168 37.475051 8.80 10.30
55.791160 37.475337 9.00 10.20
55.791160 37.475337 9.20 10.20
55.791141 37.475646 9.30 10.20
55.791141 37.475646 9.30 10.20
55.791187 37.476047 9.30 10.10
55.791187 37.476047 9.30 10.10
55.791080 37.476242 9.30 10.10
55.791080 37.476242 9.30 10.10
55.790985 37.476497 9.10 10.20
55.790985 37.476497 9.00 10.20
55.790996 37.476875 8.80 10.20
55.790996 37.476875 8.70 10.10
55.791004 37.477382 8.70 10.00
55.791004 37.477382 9.00 10.00
55.791023 37.477954 9.20 10.00
55.791023 37.477954 9.20 10.00
55.791061 37.478485 9.20 9.80
55.791061 37.478485 9.20 9.80
55.791084 37.478931 9.20 9.70
55.791084 37.478931 9.40 9.60
55.791011 37.479225 10.10 9.70
55.791011 37.479225 10.30 9.80
55.790920 37.479454 10.90 9.80
55.790920 37.479454 11.10 9.80
55.790824 37.479663 11.10 9.80
55.790824 37.479663 11.10 9.80
55.790710 37.479938 11.10 9.80
55.790710 37.479938 10.90 9.70
55.790565 37.480289 10.70 9.80
55.790565 37.480289 10.80 9.80
55.790409 37.480590 10.90 9.80
55.790409 37.480590 10.90 9.80
55.790298 37.480751 10.90 9.70
55.790298 37.480751 10.90 9.60
55.790107 37.480514 10.70 9.60
55.790107 37.480514 10.60 9.90
55.789821 37.480083 10.70 10.00
55.789821 37.480083 10.70 10.00
55.789665 37.479831 10.70 9.90
55.789665 37.479831 10.70 9.90
55.789390 37.479408 10.50 9.90
55.789390 37.479408 10.30 10.00
55.789146 37.479019 10.10 10.00
55.789146 37.479019 10.10 10.00
55.789039 37.478820 9.90 10.00
55.789039 37.478820 9.80 10.10
55.788890 37.478557 9.80 10.00
55.788890 37.478557 9.70 10.00
55.788631 37.477981 9.70 10.00
55.788631 37.477981 9.70 10.00
55.788516 37.477195 9.80 10.10
55.788516 37.477195 9.80 10.10
55.788570 37.476428 9.70 10.00
55.788570 37.476428 9.60 10.00
55.788646 37.475765 9.40 10.00
55.788646 37.475765 9.30 9.90
55.788696 37.475326 9.00 10.00
55.788696 37.475326 8.80 10.00
55.788749 37.474967 8.70 9.80
55.788749 37.474967 8.70 9.70
55.788833 37.474514 8.50 9.60
55.788833 37.474514 8.40 9.60
55.788921 37.474239 8.40 9.70
55.788921 37.474239 8.40 9.70
55.789066 37.474121 8.40 9.70
55.789066 37.474121 8.40 9.60
55.789173 37.474063 8.30 9.40
55.789173 37.474063 8.20 9.40
55.789344 37.473945 8.10 9.30
55.789344 37.473945 8.00 9.40
55.789505 37.473896 8.00 9.30
55.789505 37.473896 7.80 9.30
55.789531 37.473987 7.70 9.50
55.789531 37.473987 7.70 9.40
55.789608 37.473979 7.70 9.30
55.789608 37.473979 7.70 9.30
55.789592 37.473949 7.70 9.40
55.789592 37.473949 7.70 9.40
55.789615 37.473937 7.70 9.30
55.789615 37.473937 7.70 9.10
55.789642 37.473949 7.70 9.10
55.789642 37.473949 7.70 9.00
55.789474 37.473934 7.70 9.10
55.789474 37.473934 7.70 9.00
55.789302 37.473918 7.70 9.10
55.789302 37.473918 7.50 9.10
55.789222 37.473827 7.30 9.10
55.789222 37.473827 7.20 9.10
55.789123 37.474029 7.20 9.10
55.789123 37.474029 7.20 9.20
55.788932 37.474021 7.20 9.30
55.788932 37.474021 7.20 9.30
55.788906 37.473686 7.20 9.30
55.788906 37.473686 7.30 9.30
55.788963 37.473041 7.30 9.30
55.788963 37.473041 7.30 9.50
55.788997 37.472637 7.30 9.50
55.788997 37.472637 7.30 9.50
55.789081 37.472072 7.30 9.40
55.789081 37.472072 7.30 9.30
55.789161 37.471286 7.30 9.30
55.789161 37.471286 7.30 9.30
55.789310 37.470485 7.30 9.30
55.789310 37.470485 7.30 9.20
55.789440 37.469848 7.30 9.10
55.789440 37.469848 7.40 9.10
55.789535 37.469631 7.40 9.10
55.789535 37.469631 7.40 9.10
55.789577 37.469627 7.50 9.10
55.789577 37.469627 7.90 9.20
55.789604 37.469554 7.90 9.20
55.789604 37.469554 7.90 9.10
55.789672 37.469058 7.90 9.10
55.789672 37.469058 7.90 9.00
55.789859 37.468231 7.90 9.00
55.789859 37.468231 7.90 9.00
55.790111 37.467441 7.90 9.10
55.790111 37.467441 8.00 9.10
55.790306 37.466785 8.00 9.10
55.790306 37.466785 8.00 9.10
55.790287 37.466304 8.00 9.10
55.790287 37.466304 8.00 9.10
55.789932 37.466037 7.90 9.20
55.789932 37.466037 7.90 9.20
55.789680 37.465805 8.00 9.20
55.789680 37.465805 8.00 9.20
55.789695 37.465347 8.00 9.20
55.789695 37.465347 8.00 9.30
55.789741 37.464733 8.10 9.30
55.789741 37.464733 8.20 9.30
55.789787 37.463912 8.20 9.20
55.789787 37.463912 8.20 9.10
55.789737 37.463008 8.20 8.90
55.789737 37.463008 8.20 9.00
55.789691 37.462062 8.20 8.90
55.789691 37.462062 8.20 8.90
55.789623 37.461090 8.30 8.80
55.789623 37.461090 8.30 8.80
55.789562 37.460037 8.30 8.80
55.789562 37.460037 8.30 8.90
55.789524 37.458999 8.30 8.90
55.789524 37.458999 8.40 8.90
55.789482 37.457965 8.40 8.90
55.789482 37.457965 8.40 9.10
55.789417 37.456993 8.40 9.10
55.789417 37.456993 8.50 9.20
55.789344 37.456027 8.60 9.10
55.789344 37.456027 8.90 9.20
55.789287 37.455142 8.90 9.10
55.789287 37.455142 8.90 9.10
55.789272 37.454723 8.90 9.30
55.789272 37.454723 9.20 9.30
55.789268 37.454715 9.30 9.30
55.789268 37.454715 9.40 9.30
55.789260 37.454711 9.50 9.30
55.789260 37.454711 9.50 9.30
55.789249 37.454696 9.60 9.30
55.789249 37.454696 9.60 9.30
55.789234 37.454685 9.60 9.10
55.789234 37.454685 9.50 9.00
55.789222 37.454681 9.10 9.00
55.789222 37.454681 9.00 8.90
55.789207 37.454677 8.90 8.90
55.789207 37.454677 8.70 8.80
55.789207 37.454677 8.70 8.90
55.789192 37.454677 8.70 8.70
55.789192 37.454677 8.80 8.80
55.789199 37.454685 9.00 8.90
55.789199 37.454685 9.00 8.90
55.789218 37.454692 9.00 8.90
55.789218 37.454692 8.90 8.80
55.789230 37.454700 8.70 8.90
55.789230 37.454700 8.70 8.80
55.789237 37.454704 8.70 8.80
55.789237 37.454704 8.70 8.70
55.789237 37.454700 8.70 8.80
55.789237 37.454700 8.80 8.90
55.789241 37.454700 8.90 8.90
55.789241 37.454700 8.90 8.90
55.789237 37.454597 8.90 8.90
55.789237 37.454597 8.90 8.80
55.789222 37.454109 8.80 8.80
55.789222 37.454109 8.60 8.80
55.789222 37.453369 8.40 8.80
55.789222 37.453369 8.30 8.80
55.789218 37.452365 8.10 8.70
55.789218 37.452365 7.90 8.70
55.789226 37.451217 7.60 8.60
55.789226 37.451217 7.50 8.60
55.789241 37.450080 7.30 8.70
55.789241 37.450080 7.30 8.80
55.789226 37.449039 7.30 8.80
55.789226 37.449039 7.30 8.80
55.789222 37.448272 7.40 8.90
55.789222 37.448272 7.40 8.90
55.789234 37.447769 7.40 8.90
55.789234 37.447769 7.40 8.90
55.789321 37.447593 7.20 8.80
55.789321 37.447593 7.20 8.80
55.789558 37.447597 7.20 8.70
55.789558 37.447597 7.20 8.70
55.789909 37.447570 7.00 8.50
55.789909 37.447570 7.00 8.70
55.790336 37.447555 7.20 8.90
55.790336 37.447555 7.30 8.80
55.790603 37.447536 7.40 8.80
55.790603 37.447536 7.40 8.70
55.790725 37.447536 7.60 8.80
55.790725 37.447536 8.10 9.00
55.790832 37.447547 8.60 8.90
55.790832 37.447547 8.60 8.90
55.790920 37.447544 8.60 8.90
55.790920 37.447544 8.80 8.90
55.791057 37.447544 9.00 8.80
55.791057 37.447544 9.00 8.80
55.791332 37.447547 9.10 8.90
55.791332 37.447547 9.20 8.90
55.791656 37.447540 9.30 8.90
55.791656 37.447540 9.40 8.80
55.791908 37.447505 9.40 8.70
55.791908 37.447505 9.40 8.70
55.792140 37.447498 9.70 8.70
55.792140 37.447498 10.50 8.70
55.792385 37.447517 10.90 8.70
55.792385 37.447517 10.90 8.70
55.792602 37.447551 10.90 8.70
55.792602 37.447551 10.90 8.80
55.792728 37.447616 10.90 8.80
55.792728 37.447616 10.90 8.70
55.792903 37.447711 10.80 8.70
55.792903 37.447711 10.60 8.70
55.793010 37.447742 10.30 8.70
55.793010 37.447742 10.00 8.70
55.793182 37.447837 9.80 8.80
55.793182 37.447837 9.60 8.70
55.793361 37.447990 9.60 8.60
55.793361 37.447990 9.70 8.60
55.793502 37.448055 9.70 8.60
55.793502 37.448055 9.70 8.50
55.793506 37.448055 9.80 8.70
55.793506 37.448055 9.80 8.70
55.793453 37.448020 9.70 8.60
55.793453 37.448020 9.50 8.70
55.793327 37.447963 9.40 8.70
55.793327 37.447963 9.10 8.70
55.793151 37.447879 9.10 8.70
55.793151 37.447879 9.10 8.70
55.793014 37.447811 9.10 8.70
55.793014 37.447811 9.10 8.60
55.792961 37.447792 9.10 8.50
55.792961 37.447792 9.10 8.50
55.792938 37.447803 9.10 8.60
55.792938 37.447803 8.90 8.60
55.792938 37.447803 8.70 8.70
55.792934 37.447807 8.50 8.70
55.792934 37.447807 8.20 8.60
55.792938 37.447761 8.00 8.70
55.792938 37.447761 8.00 8.70
55.792892 37.447650 8.00 8.70
55.792892 37.447650 8.00 8.80
55.792778 37.447597 8.00 8.80
55.792778 37.447597 7.80 8.90
55.792579 37.447563 7.80 8.80
55.792579 37.447563 7.80 8.80
55.792339 37.447528 7.80 8.70
55.792339 37.447528 7.80 8.70
55.792011 37.447525 7.80 8.70
55.792011 37.447525 7.80 8.70
55.791660 37.447517 7.70 8.70
55.791660 37.447517 7.50 8.60
55.791278 37.447505 7.50 8.70
55.791278 37.447505 7.50 8.70
55.791088 37.447498 7.30 8.50
55.791088 37.447498 7.20 8.70
55.790927 37.447498 7.20 8.70
55.790927 37.447498 7.20 8.70
55.790771 37.447471 7.20 8.70
55.790771 37.447471 7.30 8.80
55.790466 37.447475 7.60 8.80
55.790466 37.447475 7.60 8.80
55.790077 37.447486 7.60 8.80
55.790077 37.447486 7.60 8.80
55.789672 37.447483 7.60 8.80
55.789672 37.447483 7.60 8.80
55.789672 37.447483 7.60 8.70
55.789348 37.447505 7.60 8.80
55.789348 37.447505 7.60 8.80
55.789268 37.447612 7.60 8.90
55.789268 37.447612 7.60 8.90
55.789230 37.447879 7.60 8.80
55.789230 37.447879 7.70 8.90
55.789161 37.448223 7.90 8.90
55.789161 37.448223 8.10 8.90
55.788894 37.448265 8.10 8.90
55.788894 37.448265 8.30 9.00
55.788635 37.448276 8.40 8.90
55.788635 37.448276 8.80 9.10
55.788547 37.448272 8.90 9.00
55.788547 37.448272 9.00 9.00
55.788406 37.448329 9.00 9.00
55.788406 37.448329 9.00 9.00
55.788196 37.448360 9.20 9.10
55.788196 37.448360 9.20 9.10
55.787845 37.448352 10.10 9.30
55.787845 37.448352 10.30 9.20
55.787326 37.448314 10.50 9.10
55.787326 37.448314 10.60 9.10
55.786804 37.448333 10.60 9.10
55.786804 37.448333 10.80 9.20
55.786251 37.448284 11.00 9.10
55.786251 37.448284 11.00 9.10
55.785747 37.448223 11.00 9.10
55.785747 37.448223 10.90 9.20
55.785232 37.448215 10.70 9.10
55.785232 37.448215 10.60 9.10
55.785011 37.448265 10.30 9.10
55.785011 37.448265 10.00 9.10
55.784862 37.448272 9.80 9.10
55.784862 37.448272 9.80 9.10
55.784641 37.448238 9.80 9.10
55.784641 37.448238 9.90 9.10
55.784366 37.448249 10.20 9.20
55.784366 37.448249 10.20 9.10
55.784000 37.448196 10.20 9.10
55.784000 37.448196 10.20 9.10
55.783706 37.448188 10.20 9.00
55.783706 37.448188 10.20 9.00
55.783470 37.448215 9.90 8.90
55.783470 37.448215 9.80 8.90
55.783123 37.448196 9.60 8.90
55.783123 37.448196 9.50 8.90
55.782745 37.448181 9.20 9.00
55.782745 37.448181 9.20 9.10
55.782264 37.448131 9.20 9.20
55.782264 37.448131 9.20 9.20
55.781745 37.448120 9.20 9.20
55.781745 37.448120 9.20 9.30
55.781211 37.448246 9.20 9.20
55.781211 37.448246 9.20 9.10
55.780654 37.448444 9.20 9.10
55.780654 37.448444 9.10 9.10
55.780197 37.448673 9.00 9.10
55.780197 37.448673 8.80 9.10
55.779888 37.448833 8.80 9.10
55.779888 37.448833 8.70 8.90
55.779853 37.448368 8.60 8.90
55.779853 37.448368 8.40 8.90
55.779857 37.447349 8.40 8.80
55.779857 37.447349 8.30 8.90
55.779850 37.446208 8.30 8.90
55.779850 37.446208 8.30 8.90
55.779872 37.445228 8.20 8.90
55.779872 37.445228 8.00 8.80
55.780006 37.444213 8.00 8.90
55.780006 37.444213 8.20 9.00
55.780212 37.443088 8.30 9.10
55.780212 37.443088 8.70 9.10
55.780410 37.441970 9.00 9.10
55.780410 37.441970 9.10 9.10
55.780578 37.441158 9.10 9.20
55.780578 37.441158 9.30 9.30
55.780639 37.440822 9.70 9.40
55.780639 37.440822 9.80 9.40
55.780536 37.440818 10.00 9.30
55.780536 37.440818 10.60 9.50
55.780395 37.441509 11.20 9.60
55.780395 37.441509 11.40 9.30
55.780178 37.442592 11.40 9.40
55.780178 37.442592 11.40 9.40
55.779937 37.443729 11.30 9.40
55.779937 37.443729 11.10 9.50
55.779724 37.444824 11.00 9.40
55.779724 37.444824 10.90 9.40
55.779663 37.445972 10.40 9.70
55.779663 37.445972 10.40 9.70
55.779651 37.447074 10.80 9.70
55.779651 37.447074 10.90 9.60
55.779640 37.448020 11.20 9.70
55.779640 37.448020 11.60 9.80
55.779640 37.448020 12.00 9.80
55.779632 37.448619 12.40 9.90
55.779632 37.448619 12.70 10.00
55.779628 37.448627 13.10 10.10
55.779628 37.448627 13.30 10.20
55.779624 37.448623 13.30 10.20
55.779624 37.448623 13.30 10.20
55.779624 37.448623 12.90 10.20
55.779624 37.448623 12.80 10.10
55.779624 37.448623 12.50 10.20
55.779624 37.448623 12.40 10.00
55.779621 37.448623 12.20 10.00
55.779621 37.448623 11.90 10.00
55.779621 37.448623 11.70 10.00
55.779621 37.448623 11.50 9.80
55.779621 37.448623 11.30 9.80
55.779621 37.448623 11.20 9.80
55.779621 37.448638 10.90 9.80
55.779621 37.448638 10.40 9.80
55.779624 37.448883 10.20 9.80
55.779624 37.448883 10.00 9.80
55.779644 37.448951 9.80 9.80
55.779644 37.448951 9.50 9.60
55.779796 37.448921 9.40 9.50
55.779796 37.448921 9.30 9.30
55.780113 37.448730 9.10 9.40
55.780113 37.448730 8.90 9.40
55.780494 37.448547 8.70 9.50
55.780494 37.448547 8.50 9.40
55.780914 37.448429 8.30 9.30
55.780914 37.448429 8.30 9.30
55.781349 37.448291 8.30 9.30
55.781349 37.448291 8.30 9.10
55.781726 37.448272 8.30 9.10
55.781726 37.448272 8.20 9.20
55.782142 37.448303 8.20 9.20
55.782142 37.448303 8.20 9.20
55.782531 37.448337 8.20 9.20
55.782531 37.448337 8.20 9.30
55.782794 37.448368 8.20 9.10
55.782794 37.448368 8.40 9.30
55.783180 37.448364 8.40 9.30
55.783180 37.448364 8.30 9.30
55.783683 37.448387 8.20 9.20
55.783683 37.448387 8.20 9.30
55.784133 37.448448 8.10 9.30
55.784133 37.448448 8.00 9.30
55.784278 37.448410 8.00 9.30
55.784278 37.448410 8.00 9.30
55.784450 37.448390 8.00 9.30
55.784450 37.448390 7.80 9.40
55.784595 37.448383 7.60 9.40
55.784595 37.448383 7.40 9.40
55.784881 37.448390 7.30 9.40
55.784881 37.448390 7.10 9.30
55.785408 37.448390 6.90 9.30
55.785408 37.448390 6.90 9.20
55.785968 37.448417 6.80 9.20
55.785968 37.448417 6.60 9.20
55.786460 37.448394 6.60 9.30
55.786460 37.448394 6.60 9.20
55.787006 37.448390 6.60 9.10
55.787006 37.448390 6.60 9.20
55.787643 37.448417 6.60 9.10
55.787643 37.448417 6.60 9.10
55.788028 37.448421 6.80 9.10
55.788028 37.448421 6.90 9.10
55.788181 37.448410 7.00 9.10
55.788181 37.448410 7.00 9.10
55.788364 37.448410 7.00 9.10
55.788364 37.448410 7.00 9.10
55.788677 37.448425 7.10 9.10
55.788677 37.448425 7.30 9.30
55.788959 37.448768 7.50 9.30
55.788959 37.448768 7.60 9.20
55.788997 37.449287 7.60 9.10
55.788997 37.449287 7.60 9.10
55.789009 37.449890 7.60 9.10
55.789009 37.449890 7.60 9.10
55.788959 37.450664 7.50 9.10
55.788959 37.450664 7.50 9.10
55.788925 37.451469 7.50 9.20
55.788925 37.451469 7.50 9.10
55.788917 37.452182 7.50 9.10
55.788917 37.452182 7.50 9.10
55.788951 37.452766 7.50 9.10
55.788951 37.452766 7.50 9.10
55.788970 37.453063 7.40 9.10
55.788970 37.453063 7.30 9.10
55.788982 37.453147 7.10 9.10
55.788982 37.453147 7.00 9.10
55.788982 37.453163 6.90 8.90
55.788982 37.453163 6.70 9.00
55.788986 37.453197 6.60 9.10
55.788986 37.453197 6.70 9.30
55.788974 37.453517 6.80 9.20
55.788974 37.453517 6.80 9.10
55.788982 37.454044 7.00 9.30
55.788982 37.454044 7.00 9.10
55.788837 37.454250 7.00 9.10
55.788837 37.454250 7.00 9.10
55.788543 37.454235 7.00 9.30
55.788543 37.454235 7.10 9.30
55.788307 37.454250 7.20 9.30
55.788307 37.454250 7.30 9.30
55.788131 37.454265 7.30 9.20
55.788131 37.454265 7.30 9.20
55.787860 37.454250 7.30 9.10
55.787860 37.454250 7.40 9.20
55.787574 37.454292 7.40 9.10
55.787574 37.454292 7.40 9.10
55.787204 37.454307 7.50 9.10
55.787204 37.454307 7.50 8.90
55.786815 37.454433 7.50 8.90
55.786815 37.454433 7.50 8.90
55.786312 37.454601 7.40 8.70
55.786312 37.454601 7.30 8.70
55.785842 37.454803 7.20 8.70
55.785842 37.454803 7.20 8.70
55.785465 37.455001 7.20 8.60
55.785465 37.455001 7.10 8.60
55.785224 37.455135 6.90 8.50
55.785224 37.455135 6.80 8.50
55.785106 37.455204 6.60 8.20
55.785106 37.455204 6.50 8.20
55.784946 37.455307 6.40 8.20
55.784946 37.455307 6.40 8.30
55.784828 37.455371 6.40 8.50
55.784828 37.455371 6.50 8.50
55.784652 37.455490 6.90 8.50
55.784652 37.455490 6.90 8.60
55.784652 37.455490 7.00 8.60
55.784442 37.455635 7.10 8.60
55.784442 37.455635 7.10 8.60
55.784221 37.455776 7.30 8.70
55.784221 37.455776 8.00 8.90
55.783908 37.455993 8.50 8.90
55.783908 37.455993 8.70 8.90
55.783821 37.456050 8.70 8.90
55.783821 37.456050 8.70 8.90
55.783802 37.456043 8.90 9.10
55.783802 37.456043 8.90 9.10
55.783802 37.456043 9.10 9.10
55.783786 37.456047 9.30 9.20
55.783786 37.456047 9.70 9.30
55.783779 37.456054 10.00 9.30
55.783779 37.456054 10.20 9.30
55.783771 37.456058 10.20 9.30
55.783771 37.456058 10.30 9.40
55.783760 37.456054 10.30 9.40
55.783760 37.456054 10.30 9.40
55.783744 37.456047 10.70 9.60
55.783744 37.456047 11.30 9.60
55.783729 37.456039 12.60 9.40
55.783729 37.456039 13.40 9.40
55.783710 37.456027 13.90 9.40
55.783710 37.456027 13.90 9.30
55.783695 37.456016 13.90 9.20
55.783695 37.456016 13.60 9.30
55.783569 37.456134 13.50 9.30
55.783569 37.456134 13.40 9.30
55.783454 37.456218 13.10 9.30
55.783454 37.456218 13.00 9.30
55.783416 37.456249 12.80 9.20
55.783416 37.456249 12.70 9.20
55.783374 37.456295 12.40 9.30
55.783374 37.456295 12.40 9.30
55.783454 37.456661 12.40 9.50
55.783454 37.456661 12.30 9.60
55.783691 37.457256 12.20 9.50
55.783691 37.457256 12.00 9.60
55.783981 37.458175 11.90 9.40
55.783981 37.458175 11.80 9.40
55.784286 37.459167 11.60 9.40
55.784286 37.459167 11.50 9.30
55.784584 37.460090 11.30 9.20
55.784584 37.460090 11.10 9.20
55.784816 37.460918 10.90 9.10
55.784816 37.460918 10.80 9.20
55.785034 37.461662 10.70 9.10
55.785034 37.461662 10.60 9.10
55.785243 37.462375 10.20 9.00
55.785243 37.462375 9.90 9.00
55.785438 37.463142 9.80 9.00
55.785438 37.463142 9.70 9.10
55.785476 37.463428 9.70 9.00
55.785476 37.463428 9.50 8.90
55.785495 37.463447 9.40 9.00
55.785495 37.463447 9.40 9.00
55.785491 37.463451 9.50 9.10
55.785491 37.463451 9.50 9.10
55.785491 37.463455 9.60 9.10
55.785491 37.463455 9.60 9.10
55.785503 37.463455 9.60 9.10
55.785503 37.463455 9.40 8.90
55.785514 37.463462 9.30 8.90
55.785514 37.463462 9.30 8.90
55.785514 37.463466 9.30 9.00
55.785514 37.463466 9.40 9.00
55.785507 37.463466 9.40 9.00
55.785507 37.463466 9.40 8.90
55.785503 37.463470 9.40 8.90
55.785503 37.463470 9.30 8.60
55.785476 37.463756 9.30 8.70
55.785476 37.463756 9.40 8.70
55.785663 37.464118 9.60 8.80
55.785663 37.464118 10.00 8.90
55.786041 37.464305 10.00 8.90
55.786041 37.464305 9.80 8.90
55.786491 37.464523 9.70 8.80
55.786491 37.464523 9.50 8.80
55.786857 37.464717 9.40 8.80
55.786857 37.464717 9.10 8.90
55.787185 37.464885 9.10 8.90
55.787185 37.464885 9.10 8.90
55.787361 37.464977 9.10 8.90
55.787361 37.464977 9.10 8.90
55.787429 37.465015 9.10 9.00
55.787429 37.465015 9.10 8.90
55.787567 37.465087 9.20 8.90
55.787567 37.465087 9.20 9.00
55.787723 37.465167 9.20 9.10
55.787723 37.465167 9.40 9.10
55.787998 37.465309 9.50 9.20
55.787998 37.465309 9.60 9.30
55.788368 37.465492 9.70 9.30
55.788368 37.465492 9.70 9.20
55.788764 37.465652 9.40 9.30
55.788764 37.465652 9.50 9.30
55.789131 37.465770 9.60 9.30
55.789131 37.465770 9.60 9.20
55.789310 37.465885 9.60 9.30
55.789310 37.465885 9.60 9.30
55.789321 37.465896 9.50 9.30
55.789321 37.465896 9.40 9.30
55.789379 37.465934 9.50 9.30
55.789379 37.465934 9.60 9.40
55.789669 37.466056 9.60 9.30
55.789669 37.466056 9.60 9.30
55.789966 37.466262 9.60 9.30
55.789966 37.466262 9.60 9.30
55.789989 37.466274 9.40 9.30
55.789989 37.466274 9.20 9.40
55.789981 37.466259 9.50 9.40
55.789981 37.466259 9.60 9.30
55.789981 37.466251 9.50 9.30
55.789981 37.466251 9.40 9.30
55.789985 37.466247 9.30 9.20
55.789985 37.466247 9.10 9.20
55.789985 37.466251 9.00 9.20
55.789985 37.466251 8.70 9.20
55.789985 37.466255 8.60 9.20
55.789985 37.466255 8.50 9.30
55.789985 37.466251 8.70 9.40
55.789985 37.466251 8.90 9.50
55.789985 37.466247 9.20 9.50
55.789985 37.466247 9.20 9.50
55.789981 37.466243 9.40 9.60
55.789981 37.466243 9.40 9.60
55.789981 37.466247 9.90 9.70
55.789981 37.466247 10.10 9.70
55.789985 37.466255 10.20 9.80
55.789985 37.466255 10.30 9.80
55.789989 37.466259 10.70 9.90
55.789989 37.466259 10.80 10.00
55.789993 37.466262 11.20 10.00
55.789993 37.466262 11.20 9.90
55.790000 37.466262 11.40 10.00
55.790000 37.466262 11.60 10.10
55.790157 37.466327 11.70 10.20
55.790157 37.466327 11.70 10.10
55.790367 37.465881 11.70 10.00
55.790367 37.465881 11.70 10.00
55.790561 37.465034 11.80 10.00
55.790561 37.465034 11.80 10.00
55.790683 37.463989 11.70 10.10
55.790683 37.463989 11.70 10.10
55.790840 37.462841 11.50 10.00
55.790840 37.462841 11.40 10.10
55.791019 37.461585 11.30 10.10
55.791019 37.461585 11.30 10.10
55.791198 37.460258 11.60 10.10
55.791198 37.460258 11.60 10.10
55.791355 37.458934 11.60 10.00
55.791355 37.458934 11.60 10.00
55.791469 37.457706 11.60 10.10
55.791469 37.457706 11.50 10.20
55.791603 37.456539 11.50 10.20
55.791603 37.456539 11.50 10.30
55.791725 37.455474 11.50 10.40
55.791725 37.455474 11.30 10.40
55.791793 37.454959 11.20 10.40
55.791793 37.454959 11.20 10.40
55.791793 37.454940 11.00 10.10
55.791793 37.454940 11.00 10.10
55.791797 37.454940 10.80 10.30
55.791797 37.454940 10.80 10.20
55.791801 37.454940 10.80 10.20
55.791801 37.454940 10.80 10.20
55.791805 37.454936 10.70 10.40
55.791805 37.454936 10.60 10.40
55.791809 37.454936 10.40 10.20
55.791809 37.454936 10.10 10.30
55.791809 37.454933 9.90 10.20
55.791809 37.454933 9.80 10.20
55.791805 37.454929 9.70 10.20
55.791805 37.454929 9.30 10.20
55.791805 37.454929 9.00 10.30
55.791805 37.454929 9.00 10.20
55.791805 37.454929 9.00 10.20
55.791805 37.454929 8.90 10.20
55.791805 37.454925 8.90 10.20
55.791805 37.454925 8.90 10.30
55.791801 37.454921 8.90 10.40
55.791801 37.454921 8.90 10.40
55.791793 37.454914 9.00 10.50
55.791793 37.454914 9.00 10.60
55.791790 37.454910 9.00 10.50
55.791790 37.454910 9.30 10.60
55.791793 37.454914 9.50 10.70
55.791793 37.454914 9.60 10.70
55.791797 37.454917 9.60 10.70
55.791797 37.454917 9.60 10.70
55.791805 37.454917 9.20 10.90
55.791805 37.454917 9.20 10.90
55.791809 37.454921 9.30 10.90
55.791809 37.454921 9.30 10.90
55.791809 37.454914 9.60 10.70
55.791809 37.454914 9.60 10.60
55.791809 37.454914 9.60 10.60
55.791809 37.454914 9.60 10.60
55.791812 37.454914 9.60 10.60
55.791812 37.454914 9.60 10.60
55.791831 37.454784 9.60 10.40
55.791831 37.454784 9.60 10.40
55.792053 37.454559 9.50 10.20
55.792053 37.454559 9.30 10.20
55.792465 37.454589 9.20 10.20
55.792465 37.454589 9.00 10.20
55.792720 37.454605 9.00 10.10
55.792720 37.454605 9.00 10.20
55.792911 37.454601 9.00 10.20
55.792911 37.454601 9.00 10.00
55.793178 37.454593 8.90 10.00
55.793178 37.454593 8.90 10.10
55.793621 37.454589 9.00 10.00
55.793621 37.454589 9.00 10.00
55.793838 37.454593 9.40 10.20
55.793838 37.454593 9.80 10.30
55.794094 37.454608 10.00 10.40
55.794094 37.454608 10.30 10.30
55.794551 37.454559 10.30 10.20
55.794551 37.454559 10.40 10.20
55.794994 37.454460 10.40 10.20
55.794994 37.454460 10.30 10.10
55.795463 37.454471 10.10 10.20
55.795463 37.454471 10.20 10.40
55.795886 37.454528 10.80 10.50
55.795886 37.454528 11.70 10.60
55.795967 37.455062 11.90 10.60
55.795967 37.455062 11.90 10.60
55.795986 37.455989 12.10 10.60
55.795986 37.455989 12.30 10.60
55.795989 37.457031 13.70 10.90
55.795989 37.457031 14.70 10.90
55.795993 37.458152 15.10 10.90
55.795993 37.458152 15.20 10.80
55.795989 37.459304 15.60 10.70
55.795989 37.459304 16.00 10.80
55.795978 37.460380 16.00 10.80
55.795978 37.460380 15.70 10.70
55.795982 37.461494 15.30 10.90
55.795982 37.461494 15.60 10.90
55.795989 37.462646 15.40 10.90
55.795989 37.462646 15.10 10.90
55.795997 37.463836 14.50 10.90
55.795997 37.463836 14.30 10.90
55.796001 37.464981 14.00 11.00
55.796001 37.464981 14.00 11.00
55.796016 37.465656 14.60 11.10
55.796016 37.465656 15.60 11.20
55.796035 37.465778 15.60 11.20
55.796035 37.465778 15.50 11.30
55.796051 37.465793 15.30 11.20
55.796051 37.465793 15.00 11.10
55.796184 37.465953 14.20 11.10
55.796184 37.465953 13.70 11.10
55.796619 37.465953 13.50 11.10
55.796619 37.465953 13.40 11.00
55.797122 37.465946 13.20 11.00
55.797122 37.465946 13.10 11.00
55.797588 37.466014 12.80 10.90
55.797588 37.466014 12.50 10.90
55.797836 37.465663 12.00 11.00
55.797836 37.465663 11.90 10.90
55.798057 37.464847 11.50 10.80
55.798057 37.464847 11.20 10.90
55.798305 37.463932 11.00 10.80
55.798305 37.463932 10.80 10.70
55.798553 37.463062 10.20 10.90
55.798553 37.463062 10.20 10.90
55.798843 37.462066 10.20 11.00
55.798843 37.462066 10.20 11.00
55.799140 37.461032 10.20 10.90
55.799140 37.461032 10.20 11.00
55.799430 37.460037 10.20 10.80
55.799430 37.460037 10.20 10.90
55.799625 37.459545 10.20 10.90
55.799625 37.459545 10.20 10.90
55.799720 37.459205 10.10 10.90
55.799720 37.459205 10.10 10.90
55.799915 37.458599 9.90 11.00
55.799915 37.458599 9.80 10.90
55.800247 37.458000 9.60 10.90
55.800247 37.458000 9.50 10.90
55.800598 37.457832 9.30 10.90
55.800598 37.457832 9.30 11.00
55.801006 37.457561 9.40 10.90
55.801006 37.457561 9.30 10.90
55.801570 37.457241 9.30 10.90
55.801570 37.457241 9.30 10.90
55.802150 37.456909 9.20 10.80
55.802150 37.456909 9.20 11.00
55.802677 37.456611 9.20 10.90
55.802677 37.456611 9.10 10.90
55.803012 37.456432 9.00 10.90
55.803012 37.456432 8.80 10.90
55.803192 37.456363 8.60 10.80
55.803192 37.456363 8.50 10.70
55.803276 37.456481 8.30 10.70
55.803276 37.456481 8.20 10.70
55.803413 37.457260 8.00 10.70
55.803413 37.457260 7.90 10.80
55.803619 37.458190 7.90 10.70
55.803619 37.458190 7.90 10.60
55.804092 37.458847 7.80 10.50
55.804092 37.458847 7.70 10.50
55.804546 37.459396 7.50 10.50
55.804546 37.459396 7.50 10.40
55.804870 37.459793 7.50 10.50
55.804870 37.459793 7.70 10.60
55.804996 37.459968 7.80 10.50
55.804996 37.459968 7.80 10.50
55.805046 37.460018 7.80 10.40
55.805046 37.460018 8.00 10.60
55.805065 37.460033 8.30 10.60
55.805065 37.460033 8.30 10.70
55.805076 37.460041 8.50 10.90
55.805076 37.460041 8.50 10.90
55.805088 37.460041 8.50 10.90
55.805088 37.460041 8.40 10.80
55.805099 37.460041 8.40 10.90
55.805099 37.460041 8.50 10.90
55.805110 37.460041 8.80 10.90
55.805110 37.460041 8.90 10.80
55.805149 37.460083 8.90 10.80
55.805149 37.460083 8.90 10.60
55.805274 37.460254 8.80 10.60
55.805274 37.460254 8.70 10.60
55.805267 37.460556 8.60 10.70
55.805267 37.460556 8.70 10.60
55.805049 37.461086 8.80 10.50
55.805049 37.461086 8.80 10.40
55.804782 37.461753 8.80 10.40
55.804782 37.461753 8.90 10.30
55.804584 37.462249 8.90 10.30
55.804584 37.462249 8.90 10.40
55.804344 37.462814 8.70 10.30
55.804344 37.462814 8.70 10.20
55.804016 37.463581 8.60 10.20
55.804016 37.463581 8.60 10.20
55.803852 37.463970 8.40 10.20
55.803852 37.463970 8.40 10.10
55.803691 37.464359 8.20 10.10
55.803691 37.464359 8.10 10.20
55.803539 37.464729 8.10 10.10
55.803539 37.464729 8.30 10.30
55.803264 37.465400 8.50 10.20
55.803264 37.465400 8.50 10.20
55.802864 37.466327 8.50 10.00
55.802864 37.466327 8.70 10.10
55.802497 37.467193 8.80 10.20
55.802497 37.467193 8.80 10.20
55.802192 37.467899 8.80 10.20
55.802192 37.467899 8.80 10.20
55.802070 37.468200 8.80 10.20
55.802070 37.468200 8.80 10.20
55.801895 37.468643 8.80 10.20
55.801895 37.468643 8.80 10.10
55.801528 37.469470 8.80 10.00
55.801528 37.469470 8.70 10.00
55.801177 37.470283 8.40 10.00
55.801177 37.470283 8.40 10.00
55.800922 37.470878 8.30 10.00
55.800922 37.470878 8.20 10.00
55.800849 37.471050 8.20 9.90
55.800849 37.471050 8.00 10.00
55.800838 37.471084 8.00 10.00
55.800838 37.471084 8.00 9.90
55.800834 37.471412 8.00 9.80
55.800834 37.471412 7.90 9.80
55.801033 37.472091 7.70 9.90
55.801033 37.472091 7.50 9.80
55.801284 37.473022 7.40 9.80
55.801284 37.473022 7.20 9.90
55.801544 37.474018 7.20 9.90
55.801544 37.474018 7.20 9.90
55.801784 37.474952 7.20 9.90
55.801784 37.474952 7.10 10.00
55.801952 37.475772 7.00 9.90
55.801952 37.475772 6.80 9.80
55.801998 37.476573 6.70 9.80
55.801998 37.476573 6.70 9.70
55.802291 37.476894 6.60 9.70
55.802291 37.476894 6.70 9.80
55.802490 37.476882 6.80 9.80
55.802490 37.476882 6.80 9.70
55.802795 37.476711 6.80 9.60
55.802795 37.476711 6.80 9.60
55.802898 37.475952 6.80 9.60
55.802898 37.475952 6.80 9.60
55.802986 37.475193 6.80 9.70
55.802986 37.475193 6.80 9.60
55.803264 37.474670 6.80 9.60
55.803264 37.474670 6.80 9.50
55.803470 37.474208 6.80 9.70
55.803470 37.474208 6.80 9.60
55.803756 37.473640 6.80 9.60
55.803756 37.473640 6.80 9.60
55.803886 37.473384 6.80 9.60
55.803886 37.473384 6.90 9.60
55.803997 37.473133 6.90 9.60
55.803997 37.473133 7.00 9.70
55.804267 37.472625 7.00 9.80
55.804267 37.472625 7.20 9.80
55.804580 37.472030 7.30 9.90
55.804580 37.472030 7.30 9.90
55.804954 37.471328 7.30 9.80
55.804954 37.471328 7.40 9.80
55.805328 37.470596 7.60 9.70
55.805328 37.470596 7.60 9.60
55.805694 37.469879 7.60 9.60
55.805694 37.469879 7.60 9.60
55.806049 37.469203 7.60 9.60
55.806049 37.469203 7.60 9.50
55.806274 37.468769 7.50 9.60
55.806274 37.468769 7.50 9.50
55.806308 37.468700 7.50 9.30
55.806308 37.468700 7.50 9.20
55.806316 37.468685 7.50 9.10
55.806316 37.468685 7.50 9.10
55.806427 37.468463 7.50 9.10
55.806427 37.468463 7.50 9.20
55.806705 37.467956 7.50 9.20
55.806705 37.467956 7.50 9.20
55.807128 37.467205 7.50 9.10
55.807128 37.467205 7.50 8.90
55.807529 37.466472 7.50 8.70
55.807529 37.466472 7.50 8.80
55.807826 37.465892 7.50 8.80
55.807826 37.465892 7.50 8.80
55.807987 37.465591 7.70 8.90
55.807987 37.465591 7.70 8.80
55.808097 37.465396 7.80 8.70
55.808097 37.465396 7.90 8.70
55.808242 37.465358 8.20 8.70
55.808242 37.465358 8.30 8.70
55.808307 37.466007 8.30 8.70
55.808307 37.466007 8.30 8.70
55.808326 37.466762 8.50 8.80
55.808326 37.466762 8.50 8.70
55.808353 37.467731 8.50 8.50
55.808353 37.467731 8.50 8.50
55.808376 37.468883 8.40 8.60
55.808376 37.468883 8.40 8.60
55.808399 37.469924 8.30 8.50
55.808399 37.469924 8.30 8.60
55.808441 37.471107 8.30 8.40
55.808441 37.471107 8.30 8.30
55.808475 37.472354 8.30 8.20
55.808475 37.472354 8.30 8.20
55.808502 37.473373 8.30 8.10
55.808502 37.473373 8.20 8.10
55.808513 37.473793 8.00 8.20
55.808513 37.473793 8.00 8.20
55.808517 37.473949 7.80 8.10
55.808517 37.473949 7.80 8.10
55.808540 37.474571 7.60 8.10
55.808540 37.474571 7.50 8.10
55.808563 37.475467 7.50 8.20
55.808563 37.475467 7.50 8.30
55.808593 37.476425 7.60 8.30
55.808593 37.476425 7.60 8.20
55.808616 37.477451 7.60 8.20
55.808616 37.477451 7.50 8.20
55.808654 37.478618 7.50 8.20
55.808654 37.478618 7.50 8.20
55.808696 37.479858 7.50 8.20
55.808696 37.479858 7.50 8.20
55.808746 37.480857 7.50 8.10
55.808746 37.480857 7.50 8.00
55.808776 37.481994 7.50 8.00
55.808776 37.481994 7.50 8.00
55.808807 37.483085 7.50 8.00
55.808807 37.483085 7.60 8.10
55.808788 37.483753 7.80 8.20
55.808788 37.483753 7.90 8.20
55.808452 37.483924 8.00 8.20
55.808452 37.483924 8.00 8.30
55.807914 37.483989 8.00 8.40
55.807914 37.483989 8.10 8.40
55.807399 37.484027 8.10 8.30
55.807399 37.484027 8.10 8.40
55.807083 37.483974 8.10 8.40
55.807083 37.483974 8.10 8.50
55.807048 37.483318 8.10 8.40
55.807048 37.483318 8.10 8.40
55.807041 37.482341 8.10 8.40
55.807041 37.482341 8.00 8.30
55.807010 37.481243 8.20 8.60
55.807010 37.481243 8.40 8.50
55.806980 37.480182 9.10 8.50
55.806980 37.480182 9.40 8.60
55.806941 37.479228 10.10 8.60
55.806941 37.479228 10.30 8.60
55.806896 37.478153 10.70 8.70
55.806896 37.478153 10.80 8.70
55.806880 37.477172 11.30 8.70
55.806880 37.477172 11.70 8.80
55.806858 37.476654 12.30 8.90
55.806858 37.476654 12.90 8.90
55.806678 37.476486 13.00 8.90
55.806678 37.476486 13.00 8.90
55.806182 37.476543 13.20 8.90
55.806182 37.476543 13.20 9.10
55.805633 37.476615 13.20 9.10
55.805633 37.476615 13.00 9.10
55.805183 37.476669 12.80 9.20
55.805183 37.476669 12.70 9.20
55.804969 37.476688 12.40 9.00
55.804969 37.476688 12.40 9.10
55.804885 37.476860 12.20 9.00
55.804885 37.476860 11.90 9.10
55.804889 37.477481 12.00 9.10
55.804889 37.477481 12.10 9.10
55.804897 37.478050 12.10 9.00
55.804897 37.478050 12.20 8.90
55.804908 37.478641 12.40 9.00
55.804908 37.478641 12.40 9.00
55.804935 37.479198 12.40 9.00
55.804935 37.479198 12.40 8.90
55.804943 37.479881 12.30 8.80
55.804943 37.479881 12.10 8.70
55.804946 37.480697 11.80 8.90
55.804946 37.480697 11.50 8.90
55.804969 37.481567 11.40 8.90
55.804969 37.481567 11.20 8.90
55.804977 37.482322 10.90 8.90
55.804977 37.482322 10.70 8.70
55.805004 37.483097 10.40 8.70
55.805004 37.483097 10.00 8.70
55.805019 37.483547 9.80 8.70
55.805019 37.483547 9.60 8.70
55.805015 37.483551 9.50 8.70
55.805015 37.483551 9.30 8.70
55.805011 37.483554 9.10 8.70
55.805011 37.483554 9.10 8.70
55.805011 37.483554 9.00 8.70
55.805011 37.483554 8.80 8.60
55.805011 37.483554 8.70 8.60
55.805011 37.483554 8.50 8.60
55.805011 37.483551 8.20 8.80
55.805011 37.483551 8.30 8.90
55.805019 37.483554 8.60 9.10
55.805019 37.483554 8.90 9.10
55.805023 37.483554 9.00 9.10
55.805023 37.483554 9.10 9.00
55.805023 37.483554 9.10 9.00
55.805023 37.483554 9.10 9.00
55.805023 37.483551 9.10 9.10
55.805023 37.483551 9.10 9.00
55.805019 37.483596 9.00 8.90
55.805019 37.483596 8.80 8.90
55.805034 37.484142 8.60 8.90
55.805034 37.484142 8.60 8.90
55.805015 37.484924 8.50 8.90
55.805015 37.484924 8.50 9.00
55.804836 37.486042 8.50 9.10
55.804836 37.486042 8.50 9.10
55.804618 37.487316 8.40 9.10
55.804618 37.487316 8.30 9.10
55.804424 37.488502 8.10 8.90
55.804424 37.488502 8.00 8.90
55.804180 37.489345 7.90 8.90
55.804180 37.489345 7.80 8.90
55.803665 37.489837 7.50 8.80
55.803665 37.489837 7.30 8.90
55.803092 37.490348 7.30 8.90
55.803092 37.490348 7.30 9.00
55.802528 37.490840 7.80 9.20
55.802528 37.490840 7.90 9.10
55.801937 37.491355 7.90 9.20
55.801937 37.491355 7.90 9.20
55.801506 37.491664 7.90 9.10
55.801506 37.491664 8.00 9.20
55.801166 37.492027 8.10 9.30
55.801166 37.492027 8.40 9.30